orientation:
  w: -0.40951210388041864
  x: 0.6342069767897304
  y: 0.4868720616490698
  z: -0.43935969654970414
position:
  x: 1.1436000924678633
  y: 0.018522212821741536
  z: 0.12001732056815026
